100 0.010101
0.000000 1.928263
0.010101 1.920660
0.020202 1.910284
0.030303 1.897728
0.040404 1.883584
0.050505 1.868447
0.060606 1.825593
0.070707 1.761170
0.080808 1.676325
0.090909 1.582343
0.101010 1.388158
0.111111 1.258556
0.121212 1.103305
0.131313 1.014905
0.141414 0.938998
0.151515 0.863595
0.161616 0.786811
0.171717 0.720424
0.181818 0.677627
0.191919 0.641688
0.202020 0.607568
0.212121 0.575910
0.222222 0.545767
0.232323 0.519601
0.242424 0.502386
0.252525 0.488393
0.262626 0.476916
0.272727 0.468914
0.282828 0.465317
0.292929 0.464080
0.303030 0.464718
0.313131 0.468839
0.323232 0.478051
0.333333 0.493959
0.343434 0.532322
0.353535 0.587520
0.363636 0.648201
0.373737 0.708404
0.383838 0.780181
0.393939 0.846704
0.404040 0.886529
0.414141 0.898676
0.424242 0.900239
0.434343 0.893414
0.444444 0.880395
0.454545 0.848054
0.464646 0.785566
0.474747 0.687777
0.484849 0.497439
0.494950 0.395256
0.505050 0.311246
0.515152 0.272319
0.525253 0.228853
0.535354 0.186747
0.545455 0.151897
0.555556 0.127983
0.565657 0.114725
0.575758 0.109083
0.585859 0.106698
0.595960 0.104311
0.606061 0.102543
0.616162 0.101735
0.626263 0.102438
0.636364 0.105204
0.646465 0.110585
0.656566 0.121896
0.666667 0.140179
0.676768 0.165247
0.686869 0.199445
0.696970 0.255554
0.707071 0.328253
0.717172 0.408156
0.727273 0.586105
0.737374 0.889832
0.747475 1.218179
0.757576 1.372197
0.767677 1.507202
0.777778 1.588527
0.787879 1.649702
0.797980 1.708760
0.808081 1.758684
0.818182 1.801969
0.828283 1.844430
0.838384 1.884369
0.848485 1.919023
0.858586 1.944188
0.868687 1.967364
0.878788 1.988624
0.888889 2.008043
0.898990 2.025694
0.909091 2.048040
0.919192 2.070766
0.929293 2.088134
0.939394 2.100922
0.949495 2.107733
0.959596 2.112708
0.969697 2.120106
0.979798 2.130367
0.989899 2.140680
1.000000 2.147883
