25
9.589843750000000000e-01
9.960937500000000000e-01
8.486328125000000000e-01
7.460937500000000000e-01
8.984375000000000000e-02
6.289062500000000000e-01
7.578125000000000000e-01
8.203125000000000000e-01
1.445312500000000000e-01
4.570312500000000000e-01
5.078125000000000000e-02
9.726562500000000000e-01
7.890625000000000000e-01
9.897460937500000000e-01
9.492187500000000000e-01
8.385009765625000000e-01
9.101562500000000000e-01
7.890625000000000000e-01
1.445312500000000000e-01
3.710937500000000000e-01
3.710937500000000000e-01
7.773437500000000000e-01
7.890625000000000000e-01
8.203125000000000000e-01
9.960937500000000000e-01
