100 5.676768
3.000000 439.000000
8.676767 437.269073
14.353536 434.906769
20.030304 432.048157
25.707071 428.828217
31.383839 425.381958
37.060608 415.625488
42.737373 400.958710
48.414143 381.642181
54.090912 360.245758
59.767677 316.036499
65.444443 286.530579
71.121216 251.185150
76.797981 231.059296
82.474747 213.777878
88.151520 196.611221
93.828285 179.130081
99.505051 164.016083
105.181824 154.272720
110.858589 146.090469
116.535355 138.322647
122.212128 131.115082
127.888893 124.252640
133.565659 118.295395
139.242432 114.376144
144.919189 111.190567
150.595963 108.577599
156.272736 106.755821
161.949493 105.936989
167.626266 105.655228
173.303040 105.800545
178.979797 106.738808
184.656570 108.835899
190.333344 112.457680
196.010101 121.191742
201.686874 133.758255
207.363647 147.573273
213.040405 161.279648
218.717178 177.620651
224.393951 192.765778
230.070709 201.832535
235.747482 204.597961
241.424255 204.953934
247.101013 203.400055
252.777786 200.435944
258.454559 193.073044
264.131317 178.846771
269.808075 156.583572
275.484863 113.249863
281.161621 89.986366
286.838379 70.860168
292.515167 61.997799
298.191925 52.102169
303.868683 42.515961
309.545471 34.581848
315.222229 29.137360
320.898987 26.118896
326.575775 24.834393
332.252533 24.291498
337.929291 23.748121
343.606079 23.345654
349.282837 23.161579
354.959595 23.321569
360.636383 23.951292
366.313141 25.176418
371.989899 27.751675
377.666687 31.913948
383.343445 37.621220
389.020203 45.406834
394.696991 58.180950
400.373749 74.732018
406.050507 92.923294
411.727295 133.436142
417.404053 202.584427
423.080811 277.338013
428.757599 312.402618
434.434357 343.138763
440.111115 361.653717
445.787903 375.581024
451.464661 389.026642
457.141418 400.392670
462.818207 410.247223
468.494965 419.914093
474.171722 429.006927
479.848511 436.896271
485.525269 442.625488
491.202026 447.901886
496.878815 452.742218
502.555573 457.163269
508.232330 461.181763
513.909119 466.269165
519.585876 471.443054
525.262634 475.397125
530.939392 478.308624
536.616150 479.859344
542.292969 480.991974
547.969727 482.676117
553.646484 485.012146
559.323242 487.360168
565.000000 489.000000
