[0.000000, 0.010101]	1.928263	0.00
[0.010101, 0.020202]	1.920660	192.97
[0.020202, 0.030303]	1.910284	384.66
[0.030303, 0.040404]	1.897728	0.00
[0.040404, 0.050505]	1.883584	192.41
[0.050505, 0.060606]	1.868447	378.09
[0.060606, 0.070707]	1.825593	0.00
[0.070707, 0.080808]	1.761170	180.72
[0.080808, 0.090909]	1.676325	336.22
[0.090909, 0.101010]	1.582343	0.00
[0.101010, 0.111111]	1.388158	148.16
[0.111111, 0.121212]	1.258556	252.92
[0.121212, 0.131313]	1.103305	0.00
[0.131313, 0.141414]	1.014905	106.83
[0.141414, 0.151515]	0.938998	187.80
[0.151515, 0.161616]	0.863595	82.05
[0.161616, 0.171717]	0.786811	76.70
[0.171717, 0.181818]	0.720424	71.51
[0.181818, 0.191919]	0.677627	0.00
[0.191919, 0.202020]	0.641688	129.32
[0.202020, 0.212121]	0.607568	58.90
[0.212121, 0.222222]	0.575910	0.00
[0.222222, 0.232323]	0.545767	107.70
[0.232323, 0.242424]	0.519601	52.29
[0.242424, 0.252525]	0.502386	0.00
[0.252525, 0.262626]	0.488393	98.49
[0.262626, 0.272727]	0.476916	48.18
[0.272727, 0.282828]	0.468914	0.00
[0.282828, 0.292929]	0.465317	93.23
[0.292929, 0.303030]	0.464080	48.03
[0.303030, 0.313131]	0.464718	0.00
[0.313131, 0.323232]	0.468839	94.77
[0.323232, 0.333333]	0.478051	0.00
[0.333333, 0.343434]	0.493959	100.85
[0.343434, 0.353535]	0.532322	0.00
[0.353535, 0.363636]	0.587520	57.40
[0.363636, 0.373737]	0.648201	131.53
[0.373737, 0.383838]	0.708404	0.00
[0.383838, 0.393939]	0.780181	74.66
[0.393939, 0.404040]	0.846704	168.86
[0.404040, 0.414141]	0.886529	0.00
[0.414141, 0.424242]	0.898676	90.15
[0.424242, 0.434343]	0.900239	181.24
[0.434343, 0.444444]	0.893414	0.00
[0.444444, 0.454545]	0.880395	89.03
[0.454545, 0.464646]	0.848054	168.04
[0.464646, 0.474747]	0.785566	0.00
[0.474747, 0.484849]	0.687777	74.77
[0.484849, 0.494950]	0.497439	104.72
[0.494950, 0.505050]	0.395256	0.00
[0.505050, 0.515152]	0.311246	63.92
[0.515152, 0.525253]	0.272319	25.68
[0.525253, 0.535354]	0.228853	0.00
[0.535354, 0.545455]	0.186747	38.29
[0.545455, 0.555556]	0.151897	14.17
[0.555556, 0.565657]	0.127983	0.00
[0.565657, 0.575758]	0.114725	23.54
[0.575758, 0.585859]	0.109083	11.06
[0.585859, 0.595960]	0.106698	0.00
[0.595960, 0.606061]	0.104311	21.64
[0.606061, 0.616162]	0.102543	9.86
[0.616162, 0.626263]	0.101735	0.00
[0.626263, 0.636364]	0.102438	20.81
[0.636364, 0.646465]	0.105204	10.52
[0.646465, 0.656566]	0.110585	0.00
[0.656566, 0.666667]	0.121896	11.70
[0.666667, 0.676768]	0.140179	12.40
[0.676768, 0.686869]	0.165247	33.48
[0.686869, 0.696970]	0.199445	0.00
[0.696970, 0.707071]	0.255554	22.93
[0.707071, 0.717172]	0.328253	66.68
[0.717172, 0.727273]	0.408156	0.00
[0.727273, 0.737374]	0.586105	50.55
[0.737374, 0.747475]	0.889832	182.83
[0.747475, 0.757576]	1.218179	0.00
[0.757576, 0.767677]	1.372197	131.27
[0.767677, 0.777778]	1.507202	301.76
[0.777778, 0.787879]	1.588527	0.00
[0.787879, 0.797980]	1.649702	163.86
[0.797980, 0.808081]	1.708760	342.69
[0.808081, 0.818182]	1.758684	0.00
[0.818182, 0.828283]	1.801969	180.52
[0.828283, 0.838384]	1.844430	183.56
[0.838384, 0.848485]	1.884369	187.68
[0.848485, 0.858586]	1.919023	388.05
[0.858586, 0.868687]	1.944188	198.25
[0.868687, 0.878788]	1.967364	0.00
[0.878788, 0.888889]	1.988624	402.59
[0.888889, 0.898990]	2.008043	205.99
[0.898990, 0.909091]	2.025694	0.00
[0.909091, 0.919192]	2.048040	417.63
[0.919192, 0.929293]	2.070766	209.33
[0.929293, 0.939394]	2.088134	0.00
[0.939394, 0.949495]	2.100922	427.26
[0.949495, 0.959596]	2.107733	214.35
[0.959596, 0.969697]	2.112708	0.00
[0.969697, 0.979798]	2.120106	429.36
[0.979798, 0.989899]	2.130367	213.73
[0.989899, 1.000000]	2.140680	218.86
